1000
44 62 13
69 26 21
74 86 76
87 15 84
14 12 58
58 20 9
72 69 8
76 77 73
29 21 13
51 39 32
36 98 27
33 84 61
53 48 15
47 66 45
92 38 94
25 54 15
53 97 9
63 53 74
55 4 97
11 73 54
10 5 43
64 16 62
1 45 6
19 67 40
31 57 62
37 92 57
28 14 70
14 10 10
55 99 81
43 86 20
12 71 89
97 88 98
90 47 68
97 44 60
93 8 68
21 94 36
51 82 15
76 10 62
34 44 71
56 80 4
84 90 1
15 90 92
69 91 72
8 47 90
16 74 2
67 67 62
1 52 5
45 94 28
46 60 87
27 56 28
30 65 81
98 41 60
78 71 68
23 60 91
76 78 55
73 81 87
97 44 64
81 69 83
4 79 33
72 96 80
73 5 80
82 79 96
0 27 62
42 13 34
55 71 19
97 61 94
67 88 33
24 89 95
99 13 4
93 79 38
92 10 71
31 11 98
100 91 42
35 43 32
36 65 62
98 55 70
58 86 97
2 1 3
72 84 72
87 37 94
64 81 11
14 81 78
61 71 58
66 92 12
61 18 70
96 67 6
18 13 17
82 24 95
26 57 61
44 60 67
77 97 48
100 17 30
34 15 71
7 29 86
93 85 66
69 62 92
83 12 56
51 16 84
16 35 59
19 53 6
49 97 30
8 13 21
3 19 75
100 37 76
90 69 60
56 6 32
41 26 27
27 39 58
28 11 21
25 60 20
65 83 43
47 2 34
14 60 30
47 85 3
22 84 76
29 21 89
2 21 41
88 64 68
17 8 18
45 3 87
39 43 22
15 81 62
21 28 21
82 93 96
68 88 5
45 70 62
18 82 44
65 91 93
21 60 67
6 53 79
17 63 22
6 26 84
84 71 12
83 98 82
100 76 79
51 16 83
15 48 19
70 15 34
33 60 68
0 53 42
16 58 27
17 55 29
34 98 65
96 97 9
21 84 62
96 23 25
40 58 61
100 31 47
42 67 86
52 60 75
41 67 73
85 73 70
5 36 8
28 75 45
35 99 22
17 24 45
14 89 2
34 92 25
99 8 47
71 28 11
76 82 99
97 14 17
5 5 86
18 75 8
68 82 88
52 33 14
22 21 46
71 59 9
3 8 88
85 67 94
7 29 92
91 5 25
82 32 14
5 74 9
38 27 52
30 74 67
15 14 85
87 22 56
75 71 84
83 88 33
27 6 1
89 48 41
75 55 81
84 90 42
62 59 95
34 59 57
76 85 40
44 68 69
0 32 79
60 34 72
58 18 38
85 85 34
97 81 53
67 83 21
20 73 83
33 34 86
98 83 39
4 92 13
55 68 37
25 43 87
34 44 91
32 60 75
0 34 29
1 7 59
32 14 83
21 66 14
77 65 16
61 89 91
60 24 94
32 38 20
61 55 7
80 2 41
63 75 34
5 42 25
97 87 65
75 36 52
7 21 17
57 53 73
94 29 61
42 12 84
53 46 81
44 4 23
14 72 37
78 13 34
3 98 22
60 87 90
37 17 62
35 8 16
0 55 55
48 52 2
36 17 39
48 86 21
94 30 1
30 5 55
52 37 89
80 32 67
30 25 5
28 95 81
55 83 24
74 32 16
9 70 2
87 47 83
97 40 45
91 48 60
95 33 26
93 5 46
94 75 65
67 19 16
93 94 28
44 35 57
75 93 5
32 71 93
84 98 55
3 83 27
79 20 6
100 1 1
45 58 33
96 74 56
41 97 68
16 5 23
30 44 90
41 88 72
2 96 76
41 32 82
69 74 98
84 69 3
66 89 30
95 29 87
6 54 76
79 46 84
83 62 4
93 73 82
94 30 67
86 22 44
13 82 4
2 48 25
34 99 40
79 7 62
0 89 69
62 46 8
96 10 58
84 98 25
14 98 61
11 99 92
66 90 100
25 18 17
38 31 43
55 65 61
88 45 37
71 28 4
90 58 66
99 35 58
11 5 82
32 67 10
8 61 41
88 27 3
79 87 63
61 87 41
6 23 99
84 63 8
99 41 62
71 8 8
96 31 25
19 41 36
23 7 3
93 54 6
77 28 9
59 43 87
97 76 47
2 64 93
99 95 91
50 65 61
68 6 13
73 7 6
18 75 3
53 90 67
74 83 52
18 95 60
94 73 33
13 62 69
13 15 75
58 27 76
34 10 100
80 94 17
6 45 79
100 87 47
26 92 27
2 94 46
33 70 76
49 18 95
77 88 1
66 20 11
76 41 73
97 83 99
81 30 41
73 66 59
0 92 67
38 8 35
89 99 82
84 18 41
28 46 55
40 31 94
69 18 21
17 46 54
79 29 41
1 22 6
52 27 3
98 13 29
11 45 47
53 28 74
33 12 86
99 70 27
92 100 81
2 86 38
65 46 89
70 100 38
23 5 33
78 100 69
59 22 76
46 38 10
0 71 40
26 2 42
28 43 83
15 12 1
46 54 18
75 33 74
90 67 82
67 48 15
23 7 57
19 59 93
67 56 15
53 61 85
3 38 18
100 89 79
79 91 11
51 32 31
100 47 93
16 96 54
93 26 48
36 93 63
4 57 29
35 97 48
51 66 33
81 45 30
2 59 23
50 20 90
40 32 40
7 55 65
79 4 33
74 32 14
56 82 23
6 68 91
21 1 14
54 6 54
42 33 100
21 89 97
62 17 79
29 71 99
7 83 47
96 95 29
28 74 83
51 22 21
67 53 15
40 76 92
86 98 75
53 22 1
73 9 85
6 74 68
73 41 26
29 16 45
47 32 85
11 69 57
16 79 40
79 94 60
25 93 2
43 54 4
24 64 84
47 88 38
60 98 27
52 22 97
77 89 75
39 62 19
5 19 45
52 23 15
0 15 62
28 37 95
11 45 87
29 42 62
58 36 22
50 69 97
35 68 35
28 13 37
16 86 46
2 36 39
45 58 69
74 3 72
66 96 69
60 81 83
32 46 61
55 98 32
74 24 4
72 9 77
49 78 52
37 29 63
62 24 38
86 33 83
44 52 32
48 77 79
53 52 65
89 41 20
14 63 94
63 39 40
77 76 20
77 83 32
56 22 38
50 66 61
69 77 100
6 10 20
6 97 77
52 79 8
57 98 14
67 77 35
25 63 58
20 24 95
23 74 80
68 76 65
59 30 79
26 7 46
40 79 88
30 9 85
53 76 77
49 32 95
37 33 18
5 66 37
49 2 81
99 61 22
59 72 79
33 55 85
9 78 90
29 25 59
27 61 19
50 95 41
63 93 100
25 47 39
43 89 76
1 12 64
83 21 71
82 45 77
52 56 84
6 36 66
34 38 11
78 56 13
48 69 67
97 70 4
47 52 75
90 37 82
98 85 38
39 94 64
62 17 11
28 12 87
75 31 59
49 79 11
4 64 27
99 99 99
89 74 71
1 23 28
100 60 84
30 86 56
38 100 15
52 27 39
8 20 80
12 55 55
37 87 64
85 96 27
16 20 69
29 90 66
49 34 10
73 93 3
54 18 72
38 20 36
82 87 30
48 38 28
91 65 22
42 8 52
11 10 80
5 21 40
17 37 79
51 65 58
61 63 52
59 8 29
99 97 98
89 48 39
36 4 21
41 85 26
92 33 47
57 75 18
46 100 80
31 40 41
13 63 44
70 87 37
100 68 14
44 7 12
50 22 62
91 2 11
22 20 89
82 56 91
100 9 27
56 35 42
52 68 7
3 82 67
7 72 10
87 20 40
33 44 96
84 75 56
54 72 3
24 84 57
13 35 36
37 73 10
59 75 32
66 15 25
93 73 87
85 73 67
50 36 93
3 40 45
65 34 26
46 71 15
79 6 20
1 23 57
40 9 35
13 45 52
87 37 36
5 95 26
42 33 8
48 46 58
11 72 92
13 66 1
86 25 64
54 53 91
42 63 85
33 56 65
14 59 83
83 45 78
27 86 68
63 4 15
76 23 47
4 99 34
20 56 69
39 42 75
74 29 63
36 42 44
58 85 42
83 77 98
69 96 28
11 32 65
22 45 39
71 87 7
6 57 10
49 47 74
17 43 82
26 54 1
54 13 86
97 24 78
46 60 37
100 97 2
14 78 60
81 38 43
16 88 96
19 32 19
87 57 12
22 89 58
47 92 81
18 66 28
87 12 14
26 4 85
91 74 34
37 59 59
89 8 11
11 83 30
90 14 81
71 75 75
33 24 78
62 18 5
90 77 46
83 25 47
56 48 75
37 24 17
76 7 28
61 95 87
99 92 73
1 90 31
8 88 1
10 22 55
34 72 75
23 70 19
56 92 59
23 3 100
51 46 69
13 46 10
79 12 10
57 76 70
46 83 61
4 11 83
43 30 26
67 58 20
85 86 56
4 99 54
65 69 32
42 62 90
18 89 10
15 73 20
10 34 82
10 33 21
98 23 27
19 61 77
91 54 60
54 93 10
44 88 41
64 38 29
89 21 73
73 67 79
77 89 85
45 38 11
45 54 78
82 70 56
4 78 15
91 10 57
23 8 13
12 98 95
55 71 46
10 9 17
96 55 72
7 52 70
7 52 33
43 19 26
87 63 16
12 24 3
13 69 20
57 92 78
18 22 25
76 5 76
52 91 16
94 20 21
19 23 85
22 61 99
25 55 35
43 99 74
60 29 94
45 83 96
36 67 58
61 58 61
100 98 41
35 55 45
61 9 64
100 84 31
5 92 68
97 40 88
99 92 60
80 65 25
30 60 84
37 3 58
59 96 91
37 87 8
10 28 72
53 6 61
11 97 8
52 90 42
53 66 72
93 62 100
41 12 92
83 41 63
12 100 82
68 13 87
84 79 64
44 52 32
80 25 64
19 87 86
30 57 67
60 100 78
65 39 45
59 89 41
56 43 8
31 47 82
83 53 23
47 12 95
60 5 38
4 90 64
100 91 95
13 62 100
2 20 12
53 100 79
15 70 53
33 69 55
70 29 55
65 89 98
41 54 55
13 55 55
12 88 91
54 28 35
100 27 67
34 5 87
55 94 47
41 85 37
34 72 48
86 15 32
98 80 87
90 16 86
67 12 75
1 55 20
63 97 5
94 6 97
30 94 18
16 58 42
27 5 38
29 35 24
48 55 54
57 87 8
87 21 91
93 81 97
80 5 56
17 73 94
73 94 45
87 63 13
29 2 60
99 77 4
85 12 5
61 6 25
28 58 46
23 24 41
58 91 89
21 80 63
19 77 96
7 78 53
58 99 46
38 6 39
14 30 25
0 65 91
91 25 16
55 3 20
76 84 67
31 3 8
21 88 44
10 38 38
4 8 40
90 22 23
39 39 55
70 25 2
36 12 28
52 72 19
17 69 21
30 17 52
67 43 16
63 5 13
10 37 85
98 38 32
73 6 68
62 44 84
96 46 9
35 87 31
31 9 97
83 27 46
68 45 5
87 93 35
95 22 15
14 65 87
9 72 95
48 62 3
55 32 37
17 53 33
24 57 9
50 22 39
71 81 41
91 63 31
76 58 19
30 5 25
13 94 70
83 83 38
17 36 76
92 4 28
31 83 25
9 67 98
79 100 64
38 2 57
12 7 78
35 73 75
90 48 65
79 26 26
51 52 94
60 52 78
48 21 33
78 22 46
59 75 48
35 9 73
75 97 39
44 5 97
15 40 98
100 89 76
84 30 23
4 45 66
28 95 98
48 100 27
70 67 75
4 47 5
7 79 5
40 87 59
2 47 93
16 86 48
35 64 17
59 98 12
84 32 46
71 86 34
65 77 35
9 10 84
14 19 22
40 47 81
97 69 86
82 65 54
85 84 21
49 22 17
76 45 72
70 35 42
1 94 5
88 98 52
4 38 5
38 36 53
49 60 88
42 25 39
2 35 88
10 32 14
74 35 91
11 30 40
62 86 17
55 2 71
11 92 53
16 48 34
6 74 32
51 37 95
100 26 16
56 61 7
52 29 5
7 68 97
54 36 40
21 52 78
6 54 76
84 40 70
4 1 83
40 29 19
64 88 26
85 70 9
84 95 42
9 67 78
16 20 13
67 43 20
95 44 79
84 74 99
17 75 28
91 77 63
53 48 96
81 4 75
24 98 37
79 8 72
38 13 25
64 85 30
75 23 60
63 38 11
32 94 82
11 60 98
52 20 71
6 90 18
91 86 25
25 74 22
4 17 11
88 17 98
55 82 21
91 47 20
52 71 59
31 32 20
18 18 95
19 13 36
29 72 80
3 96 47
55 84 13
99 62 71
27 97 67
93 37 34
50 45 96
55 12 25
55 36 81
50 22 86
64 96 55
19 57 99
81 64 70
44 71 96
2 76 15
87 81 48
91 88 3
75 68 11
69 96 3
20 62 88
35 57 4
40 29 7
70 42 40
31 9 91
94 29 22
26 63 84
56 91 37
12 59 63
32 10 75
84 24 17
36 32 85
12 39 71
23 7 39
26 26 94
17 26 74
68 31 60
20 56 46
30 61 23
61 12 61
95 62 96
82 35 76
13 78 5
34 92 69
37 43 86
72 98 89
2 9 3
84 58 8
80 22 42
48 16 37
69 82 83
29 94 95
15 27 85
67 54 42
47 39 84
78 28 15
8 31 78
19 15 33
75 79 54
66 26 38
46 74 16
33 20 79
70 72 24
57 38 52
92 67 54
90 24 63
31 15 100
81 14 29
46 65 73
23 58 58
73 29 39
2 42 20
61 85 22
26 91 40
46 59 25
39 5 87
96 44 13
55 94 1
59 82 94
41 31 52
13 68 39
54 8 62
79 31 94
